11 13 0 0
38 19 0 1
37 19 0 1
4 5 0 1
5 5 0 1
6 5 0 1
7 5 0 1
4 10 0 1
7 10 0 1
8 10 0 1
10 10 0 1
23 10 0 1
3 14 0 1
9 14 0 1
10 14 0 1
11 14 0 1
12 14 0 1
13 14 0 1
15 14 0 1
16 14 0 1
17 14 0 1
18 14 0 1
19 14 0 1
20 14 0 1
0 19 0 1
1 19 0 1
2 19 0 1
3 19 0 1
4 19 0 1
5 19 0 1
6 19 0 1
7 19 0 1
8 19 0 1
9 19 0 1
10 19 0 1
11 19 0 1
12 19 0 1
13 19 0 1
15 19 0 1
16 19 0 1
17 19 0 1
18 19 0 1
19 19 0 1
20 19 0 1
21 19 0 1
22 19 0 1
23 19 0 1
24 19 0 1
25 19 0 1
26 19 0 1
27 19 0 1
28 19 0 1
29 19 0 1
30 19 0 1
31 19 0 1
32 19 0 1
33 19 0 1
34 19 0 1
35 19 0 1
36 19 0 1
8 5 0 3
2 14 0 2
4 14 0 3
8 14 0 2
11 10 0 3
1 5 1 2
2 5 1 1
3 5 1 1
10 5 1 2
11 5 1 1
12 5 1 1
13 5 1 3
15 5 1 2
16 5 1 1
17 5 1 1
18 5 1 1
19 5 1 1
20 5 1 1
21 5 1 1
22 5 1 1
23 5 1 3
2 10 1 2
3 10 1 1
5 10 1 1
6 10 1 1
9 10 1 1
24 10 1 3
14 14 1 1
21 14 1 1
14 19 1 1
22 10 0 6
22 11 0 8
22 12 0 8
22 13 0 8
22 14 0 5
14 18 2 0
14 17 2 0
14 16 2 0
14 15 2 0
14 14 2 0
14 13 2 0
14 12 2 0
14 11 2 0
14 10 2 0
14 9 2 0
14 8 2 0
14 7 2 0
14 6 2 0
14 5 2 0
9 5 2 0
9 6 2 0
9 7 2 0
9 8 2 0
9 9 2 0
21 10 2 0
21 11 2 0
21 12 2 0
21 13 2 0
24 5 2 0
24 6 2 0
24 7 2 0
24 8 2 0
24 9 2 0